50 50
13 34
3 3 17 10 12
6 24 16
2 4 24 10 4
18 14 10 3
11 28 4 4
20 20
6 10 18
15 15
2 10 1 13
1 8 1 2 12
2 7 2 3 7 2
9 3 4 9
9 8 4 4
8 9 7
7 9 7
1 5 11 7
6 13 6
6 14 6
6 14 6
4 12 5
5 13 5
5 13 5
5 14 5
5 14 5
5 15 5
5 15 5
4 16 5
1 3 16 5
5 16 5
6 17 4 1
6 17 6
6 17 6
7 14 2 7
7 15 2 4 2
1 6 16 2 4 1
9 16 3 6 2
26 3 9
50
5
50
4
4
4
3
3
3
4
3
4
20 6 11 1
10 5 11 6 3 1
3 5 27 1
1 8 28 1
39 1
20 9 1
2 4 9 6 1 6
1 11 4 10
2 11 14
12 7 3
11 6 1
5 5 6
10 7
8 9 1
9 12 1
8 14 1
8 16 1
7 18 1
4 2 19 1
7 20 1
6 21 1
6 22 1
6 23 1
6 23 1
6 29 1
1 4 28 1
6 24 1 1
6 20 1 1
6 27 1
6 30 1
7 10 3 1
7 9 1 1
3 4 6 1 1
2 3 2 1 1
3 4 1 1
9 1 1
1 7 1 1
10 1 1
11 1 1
11 1 1
5 6 1 1
14 3 1
15 4 1
17 6 1
4 15 9 1
3 7 25 1
4 30 3 1
11 22 2 1
29 4 3 1
12 24 1
