30 30
1 2 2
2 2 2
2 3 2
3 4 4
4 4 4
2 10 5
3 3 5 3
3 2 6 1 4
4 11 4
1 1 2 1 1 2 1 4
5 11 4 6
6 3 4 4 7
6 1 3 1
2 1 3 1
2 1 3 1
2 5 5
2 3 1 2
1 7 7
2 2 3 2 3
2 2 1 2 1
2 2 1 4
2 1 1 2 2
2 3 3 5
2 2 1 3 1
5 1 2 1 3
2 2 2 5
2 2 8 2
2 1 2 6 3
3 2 2 6 1
3 2 3 1 5
1 1 2
2 2 3
1 2 4
2 2 2
2 2 4 2 2
18 3
2 1 5 3
3 2 3 4 3 1
6 4 6 8
4 3 3 3 3
3 3 1 3 1
2 4 1 2 3 1
1 2 2 1 1 2 3
1 5 1 2 2
3 2 2 1 1 3
6 4 2 1 1 3
6 2 2 2 8 3
4 5 1 2 4
1 2 1 2 1 6 2
2 1 3 3 5 1 3
2 3 1 1 4 6 1
4 3 4 3 6
4 1 2 12 1
3 2 2
3 5
3 5
2 1 3
1 2 2
1 1
1 1
